import { FSpyCameraJson } from '@3d/utils/FSpyDataManager';

export const fspyCameraJson: FSpyCameraJson = {
  "principalPoint": {
    "x": 0,
    "y": 0
  },
  "viewTransform": {
    "rows": [
      [
        0.9992118712125166,
        -0.00515906436814417,
        -0.039357597523556755,
        0.39698177070824214
      ],
      [
        0.009825586288603676,
        0.9928080440797608,
        0.11931322418158487,
        -2.1784384514073265
      ],
      [
        0.03845899481351896,
        -0.11960590146545974,
        0.9920762743118942,
        -10
      ],
      [
        0,
        0,
        0,
        1
      ]
    ]
  },
  "cameraTransform": {
    "rows": [
      [
        0.9992118712125168,
        0.009825586288603467,
        0.03845899481351721,
        0.009325485167245556
      ],
      [
        -0.00515906436814417,
        0.9928080440797608,
        -0.11960590146545974,
        0.9687602579433172
      ],
      [
        -0.039357597523558524,
        0.11931322418158484,
        0.992076274311894,
        10.196303507193212
      ],
      [
        0,
        0,
        0,
        1
      ]
    ]
  },
  "horizontalFieldOfView": 0.7617929617755049,
  "verticalFieldOfView": 0.5217681324795778,
  "vanishingPoints": [
    {
      "x": 0.09906777491114505,
      "y": -0.30032563928907346
    },
    {
      "x": -64.87965741338884,
      "y": -0.6379834854411124
    },
    {
      "x": -0.10771277873429906,
      "y": 20.728199058323348
    }
  ],
  "vanishingPointAxes": [
    "zNegative",
    "xNegative",
    "yPositive"
  ],
  "relativeFocalLength": 2.497174503077653,
  "imageWidth": 2304,
  "imageHeight": 1536
}
